-61.3392 12.7171 -99.7497
-4.02539 17.0019 61.7481
64.568 79.1925 -29.9417
71.7887 -65.1784 49.321
-39.201 2.70699 42.1003
-27.1096 -81.7194 -97.0031
97.705 -66.8203 -70.5374
-99.0661 -76.1834 -10.8615
6.33259 -24.424 -98.2177
21.4331 20.3528 14.2369
-9.84222 32.609 -66.7531
21.5369 -88.5922 -29.5755
3.97656 60.5213 56.6637
45.3352 75.1946 -39.61
7.87072 85.1436 91.1802
-52.9344 -7.58385 -71.5323
55.9313 -58.0798 72.4479
99.939 99.3591 68.7307
-46.7574 -21.5125 22.2999
-95.2513 68.0288 -40.5438
35.4411 -81.4753 -24.8268
83.758 -98.2421 -88.757
17.5817 -45.4207 -44.8225
45.2986 67.5222 38.2366
48.7472 -58.9282 -3.01218
89.8312 -8.40785 -6.30818
19.8096 -78.3441 48.8876
21.7933 47.0016 -22.953
-69.689 -27.7322 14.481
60.5762 -14.9693 -54.9791
50.3098 97.998 3.42112
31.4615 -66.2038 -30.8878
39.9518 -87.2921 -1.62053
89.9167 -70.5008 0.961333
38.5784 81.0236 -71.6849
-85.9249 -14.6886 -39.3902
-69.3533 36.6375 93.3226
16.4098 64.3361 75.4509
63.4388 -64.4215 -61.7298
0.784326 -68.8894 -4.94705
-44.084 -18.8818 46.4034
51.1704 36.4483 13.7486
-75.396 -4.94095 44.3831
-92.9807 66.9362 -26.4382
-14.7557 32.5968 3.40281
84.2769 89.8679 -79.0643
-5.65508 -30.8023 9.90936
-36.6253 69.396 -25.0038
96.5941 -45.6221 -8.78018
13.4556 47.8378 -40.4401
